{
 "metadata": {
  "language_info": {
   "codemirror_mode": {
    "name": "ipython",
    "version": 3
   },
   "file_extension": ".py",
   "mimetype": "text/x-python",
   "name": "python",
   "nbconvert_exporter": "python",
   "pygments_lexer": "ipython3",
   "version": "3.8.1-final"
  },
  "orig_nbformat": 2,
  "kernelspec": {
   "name": "python3",
   "display_name": "Python 3",
   "language": "python"
  }
 },
 "nbformat": 4,
 "nbformat_minor": 2,
 "cells": [
  {
   "source": [
    "## Import Libraries"
   ],
   "cell_type": "markdown",
   "metadata": {}
  },
  {
   "cell_type": "code",
   "execution_count": 1,
   "metadata": {},
   "outputs": [],
   "source": [
    "from pprint import pprint\n",
    "from sklearn import datasets\n",
    "from keras.datasets import mnist\n",
    "from matplotlib import pyplot as plt\n",
    "from nltk.metrics.distance import edit_distance\n",
    "from sklearn.model_selection import train_test_split\n",
    "from sklearn.metrics.pairwise import cosine_similarity\n",
    "from sklearn.metrics.pairwise import euclidean_distances\n",
    "from sklearn.metrics.pairwise import manhattan_distances\n",
    "from sklearn.feature_extraction.text import TfidfVectorizer\n",
    "\n",
    "import numpy as np"
   ]
  },
  {
   "cell_type": "code",
   "execution_count": 2,
   "metadata": {},
   "outputs": [],
   "source": [
    "# mnist_global = datasets.load_digits()\n",
    "\n",
    "def plot(data):\n",
    "    plt.imshow(data, cmap=plt.get_cmap('gray'))\n",
    "    plt.show()\n",
    "\n",
    "def normalized(matrix):\n",
    "    return (matrix - np.mean(matrix)) / np.std(matrix)"
   ]
  },
  {
   "source": [
    "## MNIST"
   ],
   "cell_type": "markdown",
   "metadata": {}
  },
  {
   "cell_type": "code",
   "execution_count": 3,
   "metadata": {},
   "outputs": [],
   "source": [
    "def mnist_edit_distance(image1_data, image2_data, threshold):\n",
    "    count = 0\n",
    "    image1_elements, image2_elements = [x for x in image1_data], [v for v in image2_data]\n",
    "\n",
    "    for image1_element, image2_element in zip(image1_elements, image2_elements):\n",
    "        if abs(image1_element - image2_element) > threshold:\n",
    "            count += 1\n",
    "    return count"
   ]
  },
  {
   "cell_type": "code",
   "execution_count": 4,
   "metadata": {},
   "outputs": [
    {
     "output_type": "stream",
     "name": "stdout",
     "text": [
      "mean: -3.064638490070051e-17\n",
      "std: 0.9999999999999998\n",
      "var: 0.9999999999999997\n",
      "matrix shape: (60000, 784)\n"
     ]
    }
   ],
   "source": [
    "(train_X, train_y), (test_X, test_y) = mnist.load_data()\n",
    "train_X = np.reshape(train_X, (60000, 784))\n",
    "\n",
    "mnist_normalized = normalized(train_X)\n",
    "print('mean:', np.mean(mnist_normalized))\n",
    "print('std:', np.std(mnist_normalized))\n",
    "print('var:', np.var(mnist_normalized))\n",
    "print('matrix shape:', mnist_normalized.shape)"
   ]
  },
  {
   "cell_type": "code",
   "execution_count": 5,
   "metadata": {
    "tags": []
   },
   "outputs": [
    {
     "output_type": "stream",
     "name": "stdout",
     "text": [
      "array([[1.        , 0.459261  , 0.08648314, ..., 0.23172054, 0.35535879,\n        0.40716007],\n       [0.459261  , 1.        , 0.06573546, ..., 0.25461644, 0.20794138,\n        0.37826232],\n       [0.08648314, 0.06573546, 1.        , ..., 0.19068928, 0.20659651,\n        0.03201346],\n       ...,\n       [0.23172054, 0.25461644, 0.19068928, ..., 1.        , 0.25095736,\n        0.31486826],\n       [0.35535879, 0.20794138, 0.20659651, ..., 0.25095736, 1.        ,\n        0.42663946],\n       [0.40716007, 0.37826232, 0.03201346, ..., 0.31486826, 0.42663946,\n        1.        ]])\narray([[ 0.        , 30.38294394, 35.29639439, ..., 33.31114554,\n        29.63740411, 30.71395453],\n       [30.38294394,  0.        , 36.8973593 , ..., 33.90007526,\n        33.92085403, 32.37877928],\n       [35.29639439, 36.8973593 ,  0.        , ..., 31.04875933,\n        29.50874907, 36.03002442],\n       ...,\n       [33.31114554, 33.90007526, 31.04875933, ...,  0.        ,\n        29.7095584 , 31.23227272],\n       [29.63740411, 33.92085403, 29.50874907, ..., 29.7095584 ,\n         0.        , 27.756915  ],\n       [30.71395453, 32.37877928, 36.03002442, ..., 31.23227272,\n        27.756915  ,  0.        ]])\narray([[  0.        , 375.54973445, 481.98052411, ..., 419.32101951,\n        356.33058923, 386.95394248],\n       [375.54973445,   0.        , 522.27708953, ..., 443.91134307,\n        444.50955487, 426.71593565],\n       [481.98052411, 522.27708953,   0.        , ..., 383.93742764,\n        361.09082785, 507.92000621],\n       ...,\n       [419.32101951, 443.91134307, 383.93742764, ...,   0.        ,\n        351.12487373, 382.9446506 ],\n       [356.33058923, 444.50955487, 361.09082785, ..., 351.12487373,\n          0.        , 325.42722194],\n       [386.95394248, 426.71593565, 507.92000621, ..., 382.9446506 ,\n        325.42722194,   0.        ]])\n[0, 142, 187, 147, 155, 160, 131, 124, 132, 154, 116, 178, 166, 168, 130, 156, 150, 136, 126, 124, 213, 166, 139, 149, 143, 179, 147, 142, 184, 161, 162, 159, 141, 135, 152, 158, 137, 158, 153, 137, 132, 125, 131, 122, 136, 154, 159, 142, 128, 106, 142, 0, 199, 163, 159, 172, 172, 167, 162, 174, 150, 172, 205, 164, 164, 151, 164, 159, 151, 156, 219, 74, 163, 169, 145, 186, 173, 188, 201, 162, 209, 157, 159, 163, 138, 171, 178, 105, 178, 154, 156, 156, 151, 149, 179, 168, 174, 142, 172, 147, 187, 199, 0, 154, 156, 173, 154, 171, 139, 123, 191, 145, 201, 172, 142, 166, 180, 183, 128, 159, 142, 208, 150, 152, 181, 213, 138, 211, 206, 137, 166, 187, 154, 163, 183, 155, 178, 191, 172, 168, 148, 185, 152, 168, 142, 163, 183, 168, 163, 190, 147, 163, 154, 0, 124, 141, 110, 149, 96, 132, 136, 86, 179, 152, 95, 129, 138, 106, 114, 98, 157, 164, 94, 8, 127, 162, 99, 179, 192, 78, 160, 112, 136, 103, 154, 102, 154, 164, 133, 160, 91, 104, 107, 98, 121, 135, 105, 112, 135, 139, 155, 159, 156, 124, 0, 133, 108, 160, 92, 135, 145, 135, 203, 143, 109, 111, 157, 107, 125, 91, 149, 163, 97, 121, 134, 190, 89, 200, 196, 110, 158, 159, 139, 113, 175, 131, 150, 173, 129, 138, 106, 121, 84, 93, 129, 54, 125, 133, 132, 163, 160, 172, 173, 141, 133, 0, 153, 161, 141, 142, 155, 143, 205, 144, 147, 140, 128, 140, 141, 129, 169, 188, 123, 141, 137, 169, 142, 193, 194, 130, 174, 143, 153, 130, 161, 128, 142, 158, 144, 134, 145, 135, 140, 127, 162, 134, 153, 166, 171, 170, 131, 172, 154, 110, 108, 153, 0, 160, 41, 135, 108, 117, 164, 131, 54, 143, 139, 132, 106, 97, 191, 184, 111, 110, 120, 182, 101, 183, 183, 99, 115, 141, 116, 120, 178, 115, 109, 182, 110, 120, 62, 121, 88, 98, 97, 124, 125, 133, 92, 138, 124, 167, 171, 149, 160, 161, 160, 0, 158, 156, 117, 184, 173, 185, 161, 163, 145, 140, 152, 149, 178, 180, 152, 141, 177, 122, 146, 89, 191, 171, 187, 126, 176, 142, 135, 166, 162, 161, 188, 159, 151, 129, 169, 145, 150, 151, 153, 151, 156, 71, 132, 162, 139, 96, 92, 141, 41, 158, 0, 121, 118, 95, 159, 134, 29, 129, 133, 124, 90, 83, 177, 178, 96, 97, 118, 188, 80, 191, 180, 89, 120, 129, 111, 107, 164, 96, 117, 172, 111, 119, 47, 127, 70, 88, 91, 114, 122, 114, 91, 140, 154, 174, 123, 132, 135, 142, 135, 156, 121, 0, 164, 114, 211, 138, 121, 107, 150, 129, 124, 99, 167, 185, 94, 133, 156, 199, 126, 208, 194, 106, 176, 144, 138, 91, 151, 124, 148, 159, 156, 131, 125, 149, 137, 125, 150, 133, 168, 117, 150, 172, 116, 150, 191, 136, 145, 155, 108, 117, 118, 164, 0, 161, 128, 160, 114, 164, 130, 139, 124, 125, 211, 160, 138, 136, 117, 146, 124, 120, 183, 140, 146, 139, 147, 135, 129, 147, 140, 151, 140, 142, 109, 112, 124, 113, 135, 133, 143, 141, 120, 93, 178, 172, 145, 86, 135, 143, 117, 184, 95, 114, 161, 0, 197, 146, 94, 144, 143, 130, 119, 113, 172, 175, 117, 89, 136, 178, 110, 214, 203, 87, 158, 138, 132, 122, 173, 87, 160, 167, 138, 157, 97, 143, 114, 119, 115, 142, 143, 114, 144, 171, 166, 205, 201, 179, 203, 205, 164, 173, 159, 211, 128, 197, 0, 222, 156, 218, 183, 191, 153, 171, 204, 205, 181, 180, 176, 185, 177, 145, 180, 182, 138, 204, 187, 185, 187, 181, 172, 208, 185, 193, 152, 180, 174, 169, 138, 196, 177, 200, 146, 143, 168, 164, 172, 152, 143, 144, 131, 185, 134, 138, 160, 146, 222, 0, 134, 156, 145, 156, 121, 144, 189, 186, 131, 150, 140, 202, 136, 230, 212, 116, 182, 174, 122, 159, 167, 161, 131, 148, 149, 102, 138, 153, 134, 135, 171, 146, 166, 157, 157, 192, 130, 164, 142, 95, 109, 147, 54, 161, 29, 121, 114, 94, 156, 134, 0, 134, 136, 126, 90, 88, 180, 178, 99, 100, 124, 181, 95, 189, 174, 91, 124, 125, 107, 112, 168, 103, 123, 175, 122, 122, 47, 125, 74, 96, 93, 122, 129, 122, 92, 141, 156, 151, 166, 129, 111, 140, 143, 163, 129, 107, 164, 144, 218, 156, 134, 0, 150, 130, 142, 80, 180, 158, 94, 131, 131, 214, 121, 198, 168, 99, 175, 152, 147, 66, 165, 133, 175, 156, 145, 142, 125, 154, 105, 109, 168, 115, 155, 135, 147, 169, 150, 164, 180, 138, 157, 128, 139, 145, 133, 150, 130, 143, 183, 145, 136, 150, 0, 149, 144, 141, 181, 192, 128, 136, 152, 168, 129, 176, 181, 132, 180, 148, 144, 138, 161, 152, 170, 165, 109, 141, 130, 149, 138, 138, 155, 153, 154, 140, 154, 158, 136, 159, 183, 106, 107, 140, 132, 140, 124, 129, 139, 130, 191, 156, 126, 130, 149, 0, 145, 78, 194, 169, 97, 103, 142, 161, 140, 179, 209, 122, 167, 97, 158, 98, 149, 130, 153, 160, 148, 155, 115, 86, 124, 86, 154, 123, 135, 124, 165, 138, 126, 151, 128, 114, 125, 141, 106, 152, 90, 124, 124, 119, 153, 121, 90, 142, 144, 145, 0, 107, 170, 165, 94, 112, 118, 175, 103, 188, 200, 102, 136, 158, 85, 123, 146, 121, 114, 151, 127, 98, 99, 135, 102, 105, 110, 134, 126, 133, 107, 143, 124, 156, 159, 98, 91, 129, 97, 149, 83, 99, 125, 113, 171, 144, 88, 80, 141, 78, 107, 0, 175, 175, 56, 100, 116, 188, 108, 179, 182, 86, 139, 124, 129, 58, 153, 102, 134, 152, 134, 131, 79, 115, 85, 62, 125, 109, 132, 117, 120, 143, 213, 219, 142, 157, 149, 169, 191, 178, 177, 167, 211, 172, 204, 189, 180, 180, 181, 194, 170, 175, 0, 226, 159, 153, 201, 199, 162, 206, 233, 163, 181, 197, 192, 179, 200, 189, 177, 197, 166, 188, 181, 191, 181, 182, 174, 156, 187, 200, 204, 210, 166, 74, 208, 164, 163, 188, 184, 180, 178, 185, 160, 175, 205, 186, 178, 158, 192, 169, 165, 175, 226, 0, 174, 168, 150, 180, 176, 188, 211, 159, 209, 169, 174, 179, 148, 178, 200, 124, 191, 180, 170, 158, 160, 159, 186, 174, 180, 161, 179, 143, 139, 163, 150, 94, 97, 123, 111, 152, 96, 94, 138, 117, 181, 131, 99, 94, 128, 97, 94, 56, 159, 174, 0, 96, 118, 181, 100, 194, 186, 82, 149, 121, 113, 83, 149, 104, 137, 153, 122, 115, 96, 122, 92, 70, 131, 114, 123, 110, 123, 148, 149, 169, 152, 8, 121, 141, 110, 141, 97, 133, 136, 89, 180, 150, 100, 131, 136, 103, 112, 100, 153, 168, 96, 0, 127, 164, 98, 178, 197, 76, 163, 118, 139, 102, 160, 102, 158, 167, 133, 159, 93, 103, 106, 101, 122, 135, 109, 113, 138, 138, 143, 145, 181, 127, 134, 137, 120, 177, 118, 156, 117, 136, 176, 140, 124, 131, 152, 142, 118, 116, 201, 150, 118, 127, 0, 189, 120, 199, 206, 95, 152, 163, 128, 124, 161, 119, 126, 146, 137, 125, 107, 133, 97, 118, 137, 139, 133, 138, 129, 152, 179, 186, 213, 162, 190, 169, 182, 122, 188, 199, 146, 178, 185, 202, 181, 214, 168, 161, 175, 188, 199, 180, 181, 164, 189, 0, 185, 136, 217, 190, 196, 133, 201, 186, 165, 198, 181, 171, 203, 191, 181, 153, 200, 177, 179, 189, 184, 184, 192, 144, 147, 173, 138, 99, 89, 142, 101, 146, 80, 126, 124, 110, 177, 136, 95, 121, 129, 140, 103, 108, 162, 176, 100, 98, 120, 185, 0, 186, 193, 88, 132, 168, 119, 120, 172, 115, 151, 180, 107, 130, 94, 123, 73, 90, 108, 90, 116, 111, 114, 153, 142, 188, 211, 179, 200, 193, 183, 89, 191, 208, 120, 214, 145, 230, 189, 198, 176, 179, 188, 179, 206, 188, 194, 178, 199, 136, 186, 0, 180, 194, 186, 149, 209, 171, 158, 204, 181, 184, 199, 200, 182, 170, 199, 174, 163, 193, 189, 194, 177, 99, 184, 201, 206, 192, 196, 194, 183, 191, 180, 194, 183, 203, 180, 212, 174, 168, 181, 209, 200, 182, 233, 211, 186, 197, 206, 217, 193, 180, 0, 181, 201, 210, 200, 169, 172, 205, 208, 188, 174, 182, 175, 196, 179, 177, 182, 195, 189, 206, 175, 190, 161, 162, 137, 78, 110, 130, 99, 171, 89, 106, 140, 87, 182, 116, 91, 99, 132, 122, 102, 86, 163, 159, 82, 76, 95, 190, 88, 194, 181, 0, 147, 137, 119, 87, 152, 103, 138, 154, 122, 124, 90, 120, 91, 101, 129, 127, 125, 121, 113, 161, 162, 209, 166, 160, 158, 174, 115, 187, 120, 176, 146, 158, 138, 182, 124, 175, 180, 167, 136, 139, 181, 209, 149, 163, 152, 196, 132, 186, 201, 147, 0, 197, 145, 150, 198, 146, 144, 206, 118, 162, 124, 178, 125, 138, 125, 161, 158, 182, 139, 167, 159, 157, 187, 112, 159, 143, 141, 126, 129, 144, 139, 138, 204, 174, 125, 152, 148, 97, 158, 124, 197, 169, 121, 118, 163, 133, 168, 149, 210, 137, 197, 0, 189, 130, 146, 147, 170, 155, 176, 175, 112, 134, 157, 127, 173, 159, 167, 147, 177, 135, 141, 159, 154, 136, 139, 153, 116, 176, 111, 138, 147, 132, 187, 122, 107, 147, 144, 158, 85, 129, 192, 174, 113, 139, 128, 201, 119, 209, 200, 119, 145, 189, 0, 138, 163, 136, 104, 160, 136, 79, 122, 151, 116, 115, 128, 148, 146, 135, 125, 163, 135, 163, 163, 103, 113, 130, 120, 142, 107, 91, 135, 122, 185, 159, 112, 66, 138, 98, 123, 58, 179, 179, 83, 102, 124, 186, 120, 171, 169, 87, 150, 130, 138, 0, 147, 105, 155, 148, 139, 132, 107, 123, 94, 80, 140, 117, 145, 134, 127, 141, 152, 138, 183, 154, 175, 161, 178, 135, 164, 151, 129, 173, 187, 167, 168, 165, 161, 149, 146, 153, 200, 148, 149, 160, 161, 165, 172, 158, 172, 152, 198, 146, 163, 147, 0, 166, 143, 81, 175, 133, 163, 125, 175, 154, 177, 160, 157, 148, 176, 131, 158, 171, 155, 102, 131, 128, 115, 166, 96, 124, 147, 87, 181, 161, 103, 133, 152, 130, 121, 102, 189, 178, 104, 102, 119, 198, 115, 204, 205, 103, 146, 147, 136, 105, 166, 0, 156, 172, 150, 148, 107, 142, 107, 106, 130, 143, 144, 96, 126, 150, 137, 178, 178, 154, 150, 142, 109, 162, 117, 148, 140, 160, 172, 131, 123, 175, 170, 153, 114, 134, 177, 200, 137, 158, 126, 181, 151, 181, 208, 138, 144, 170, 104, 155, 143, 156, 0, 163, 147, 91, 124, 139, 147, 137, 137, 158, 156, 164, 145, 153, 158, 105, 191, 164, 173, 158, 182, 161, 172, 159, 151, 167, 208, 148, 175, 156, 165, 160, 151, 152, 197, 124, 153, 167, 146, 171, 180, 184, 188, 154, 206, 155, 160, 148, 81, 172, 163, 0, 181, 136, 166, 152, 177, 163, 190, 171, 172, 147, 180, 152, 153, 178, 172, 133, 129, 144, 110, 188, 111, 156, 140, 138, 185, 149, 122, 145, 109, 148, 127, 134, 166, 191, 122, 133, 137, 203, 107, 199, 174, 122, 118, 176, 136, 139, 175, 150, 147, 181, 0, 138, 124, 139, 102, 126, 120, 132, 135, 162, 136, 178, 137, 154, 168, 160, 138, 134, 120, 159, 119, 131, 142, 157, 193, 102, 122, 142, 141, 155, 98, 131, 188, 180, 115, 159, 125, 191, 130, 200, 182, 124, 162, 175, 79, 132, 133, 148, 91, 136, 138, 0, 126, 147, 123, 119, 154, 138, 152, 151, 136, 168, 132, 156, 148, 91, 106, 145, 62, 151, 47, 125, 109, 97, 152, 138, 47, 125, 130, 115, 99, 79, 181, 170, 96, 93, 107, 181, 94, 182, 175, 90, 124, 112, 122, 107, 163, 107, 124, 166, 124, 126, 0, 115, 69, 76, 96, 113, 115, 122, 104, 138, 125, 156, 185, 104, 121, 135, 121, 129, 127, 149, 112, 143, 180, 153, 125, 154, 149, 86, 135, 115, 191, 158, 122, 103, 133, 153, 123, 170, 196, 120, 178, 134, 151, 123, 125, 142, 139, 152, 139, 147, 115, 0, 121, 97, 141, 117, 120, 133, 140, 123, 131, 151, 152, 107, 84, 140, 88, 169, 70, 137, 124, 114, 174, 134, 74, 105, 138, 124, 102, 85, 181, 160, 92, 106, 97, 200, 73, 199, 179, 91, 125, 157, 116, 94, 175, 107, 147, 177, 102, 123, 69, 121, 0, 82, 105, 83, 119, 119, 103, 155, 122, 149, 168, 98, 93, 127, 98, 145, 88, 125, 113, 119, 169, 135, 96, 109, 138, 86, 105, 62, 182, 159, 70, 101, 118, 177, 90, 174, 177, 101, 138, 127, 115, 80, 154, 106, 137, 163, 126, 119, 76, 97, 82, 0, 123, 98, 121, 123, 116, 129, 136, 179, 142, 121, 129, 162, 97, 150, 91, 150, 135, 115, 138, 171, 93, 168, 155, 154, 110, 125, 174, 186, 131, 122, 137, 179, 108, 163, 182, 129, 125, 173, 128, 140, 177, 130, 137, 190, 120, 154, 96, 141, 105, 123, 0, 129, 116, 147, 109, 133, 154, 168, 163, 135, 54, 134, 124, 151, 114, 133, 133, 142, 196, 146, 122, 115, 153, 123, 134, 109, 156, 174, 114, 135, 139, 189, 90, 193, 195, 127, 161, 159, 148, 117, 160, 143, 158, 171, 132, 138, 113, 117, 83, 98, 129, 0, 131, 137, 142, 162, 159, 174, 183, 105, 125, 153, 125, 153, 122, 168, 143, 143, 177, 166, 129, 155, 154, 135, 126, 132, 187, 180, 123, 109, 133, 184, 116, 189, 189, 125, 158, 167, 146, 145, 157, 144, 156, 172, 135, 152, 115, 120, 119, 121, 116, 131, 0, 148, 126, 142, 142, 142, 168, 112, 133, 166, 133, 151, 114, 117, 141, 114, 200, 157, 122, 135, 140, 124, 133, 117, 200, 161, 110, 113, 138, 184, 111, 194, 206, 121, 182, 147, 135, 134, 148, 96, 164, 147, 162, 151, 122, 133, 119, 123, 147, 137, 148, 0, 151, 145, 128, 172, 163, 135, 132, 171, 92, 156, 91, 150, 120, 144, 146, 157, 92, 147, 154, 165, 107, 120, 204, 179, 123, 138, 129, 192, 114, 177, 175, 113, 139, 177, 125, 127, 176, 126, 145, 180, 136, 136, 104, 140, 103, 116, 109, 142, 126, 151, 0, 131, 106, 147, 190, 139, 163, 170, 138, 71, 140, 172, 93, 171, 143, 192, 141, 169, 158, 138, 143, 143, 210, 143, 148, 138, 152, 144, 153, 99, 190, 161, 167, 135, 163, 141, 131, 150, 153, 152, 178, 168, 138, 123, 155, 129, 133, 162, 142, 145, 131, 0]\n"
     ]
    }
   ],
   "source": [
    "test_mnist = mnist_normalized[:50]\n",
    "\n",
    "edit_distances = []\n",
    "\n",
    "for image1_data in test_mnist:\n",
    "    for image2_data in test_mnist:\n",
    "        edit_distances.append(mnist_edit_distance(image1_data, image2_data, 1))\n",
    "\n",
    "cosine_similarity_matrix = cosine_similarity(mnist_normalized[:500])\n",
    "euclidean_distance_matrix = euclidean_distances(mnist_normalized[:500])\n",
    "manhattan_distance_matrix = manhattan_distances(mnist_normalized[:500])\n",
    "pprint(cosine_similarity_matrix)\n",
    "pprint(euclidean_distance_matrix)\n",
    "pprint(manhattan_distance_matrix)\n",
    "print(edit_distances)"
   ]
  },
  {
   "source": [
    "## 20 NG"
   ],
   "cell_type": "markdown",
   "metadata": {}
  },
  {
   "cell_type": "code",
   "execution_count": 6,
   "metadata": {},
   "outputs": [],
   "source": [
    "newsgroups_space = datasets.fetch_20newsgroups(subset='train', categories=['sci.space'])"
   ]
  },
  {
   "cell_type": "code",
   "execution_count": 7,
   "metadata": {},
   "outputs": [],
   "source": [
    "# vectorizer = TfidfVectorizer()\n",
    "# vectors_space = vectorizer.fit_transform(newsgroups_space.data)\n",
    "# vectors_space = normalized(vectors_space.toarray())"
   ]
  },
  {
   "cell_type": "code",
   "execution_count": 8,
   "metadata": {},
   "outputs": [
    {
     "output_type": "stream",
     "name": "stdout",
     "text": [
      "(593, 15893)\n"
     ]
    }
   ],
   "source": [
    "vectorizer = TfidfVectorizer()\n",
    "vectors_space = vectorizer.fit_transform(newsgroups_space.data)\n",
    "vectors_space = normalized(vectors_space.toarray())\n",
    "\n",
    "edit_distances = []\n",
    "for text1 in newsgroups_space.data[:5]:\n",
    "    for text2 in newsgroups_space.data[:5]:\n",
    "        edit_distances.append(edit_distance(text1, text2, 1))\n",
    "\n",
    "print(vectors_space.shape)"
   ]
  },
  {
   "cell_type": "code",
   "execution_count": 9,
   "metadata": {},
   "outputs": [
    {
     "output_type": "stream",
     "name": "stdout",
     "text": [
      "array([[1.        , 0.24315652, 0.17906923, ..., 0.10564172, 0.06759409,\n",
      "        0.14592553],\n",
      "       [0.24315652, 1.        , 0.10132218, ..., 0.04580929, 0.03166615,\n",
      "        0.05470007],\n",
      "       [0.17906923, 0.10132218, 1.        , ..., 0.08025553, 0.05861567,\n",
      "        0.14656795],\n",
      "       ...,\n",
      "       [0.10564172, 0.04580929, 0.08025553, ..., 1.        , 0.05818513,\n",
      "        0.08782462],\n",
      "       [0.06759409, 0.03166615, 0.05861567, ..., 0.05818513, 1.        ,\n",
      "        0.07486767],\n",
      "       [0.14592553, 0.05470007, 0.14656795, ..., 0.08782462, 0.07486767,\n",
      "        1.        ]])\n",
      "array([[  0.        , 155.229679  , 161.51484278, ..., 168.5419579 ,\n",
      "        172.24800082, 164.75566255],\n",
      "       [155.229679  ,   0.        , 169.10499392, ..., 174.20685193,\n",
      "        175.65440659, 173.44927036],\n",
      "       [161.51484278, 169.10499392,   0.        , ..., 170.8709713 ,\n",
      "        173.02857183, 164.6491396 ],\n",
      "       ...,\n",
      "       [168.5419579 , 174.20685193, 170.8709713 , ...,   0.        ,\n",
      "        173.02557374, 170.17948947],\n",
      "       [172.24800082, 175.65440659, 173.02857183, ..., 173.02557374,\n",
      "          0.        , 171.54163941],\n",
      "       [164.75566255, 173.44927036, 164.6491396 , ..., 170.17948947,\n",
      "        171.54163941,   0.        ]])\n",
      "array([[   0.        , 1765.7000794 , 2129.37392496, ..., 2327.8128122 ,\n",
      "        2086.40995599, 2236.5305166 ],\n",
      "       [1765.7000794 ,    0.        , 2058.82575194, ..., 2195.5615775 ,\n",
      "        1877.46043073, 2089.4670831 ],\n",
      "       [2129.37392496, 2058.82575194,    0.        , ..., 2450.24615225,\n",
      "        2202.00100779, 2299.43867936],\n",
      "       ...,\n",
      "       [2327.8128122 , 2195.5615775 , 2450.24615225, ...,    0.        ,\n",
      "        2312.80732315, 2469.60085462],\n",
      "       [2086.40995599, 1877.46043073, 2202.00100779, ..., 2312.80732315,\n",
      "           0.        , 2182.68702265],\n",
      "       [2236.5305166 , 2089.4670831 , 2299.43867936, ..., 2469.60085462,\n",
      "        2182.68702265,    0.        ]])\n",
      "[0, 948, 1231, 1149, 1124, 948, 0, 1309, 1163, 541, 1231, 1309, 0, 1310, 1394, 1149, 1163, 1310, 0, 1249, 1124, 541, 1394, 1249, 0]\n"
     ]
    }
   ],
   "source": [
    "pprint(cosine_similarity(vectors_space))\n",
    "pprint(euclidean_distances(vectors_space))\n",
    "pprint(manhattan_distances(vectors_space))\n",
    "print(edit_distances)"
   ]
  },
  {
   "cell_type": "code",
   "execution_count": null,
   "metadata": {},
   "outputs": [],
   "source": []
  }
 ]
}